Address: 123 Main St, Price: $275000.0, Status: SOLD, Added: 2025-04-09T00:34:46.478075600, Bedrooms: 3
Address: 789 Pine St, Price: $350000.0, Status: AVAILABLE, Added: 2025-04-09T00:34:46.478075600, Bedrooms: 4
